14354
11401
18050
23210
15276
17574
13289
1439
23824
6808
9456
2094
9982
20408
32085
21521
27124
16900
13347
20995
30099
24477
22591
17279
20756
1749
14066
27672
29747
6135
3856
8341
12061
6907
29982
14610
11878
18754
2619
10924
22705
5575
3374
14827
32232
2578
5606
12133
28099
13536
25693
7843
15306
1903
8720
15705
4610
22706
29641
16406
21028
13058
28541
11528
18073
13097
5371
31102
8861
7755
10611
4234
27106
7240
3780
12380
24585
24096
26836
26569
7398
13494
14383
5036
1984
24938
21353
25507
29156
4014
29551
24494
26049
3411
17419
30699
3883
18855
9081
18599
1982
5208
115
24289
29489
12096
11498
32606
12961
6601
18335
14675
1163
23128
24200
24656
27474
7680
546
13079
5354
29789
14032
4484
26335
19701
22199
2732
17124
7981
15433
29602
23837
29730
16260
32596
6382
11445
30625
6002
16728
28422
27054
26963
6986
26223
14843
20825
28890
17202
24575
17614
11482
18776
22657
28318
30262
18622
9187
13187
18188
26091
32398
26756
23691
1742
16638
17231
11851
22876
20308
19207
29306
19695
26829
12358
19974
19464
17791
25115
9086
16635
12638
30475
7929
5006
28752
32321
26620
32448
15285
27159
16372
189
25292
32584
2706
18080
11354
19963
28092
14300
21690
27814
22358
28181
20024
26691
23353
28967
19419
25058
27443
24436
27670
12881
16433
14071
15004
6854
27708
1997
12407
20001
30726
10207
25918
8362
16441
9534
21521
7776
3131
22806
10522
24891
25634
8335
19922
9781
14623
70
4892
32525
13638
10621
2257
18426
18202
6844
28313
7281
12727
22052
16434
11434
7776
5332
5931
14209
7056
7165
18614
2436
18041
31798
5406
16627
13788
6950
2918
4313
16883
16593
20274
4812
16358
19971
4629
12444
1547
16434
9615
13832
23811
6040
5184
3156
32721
6443
8839
8912
14815
17219
14477
20085
4388
27844
31339
15166
31559
5119
32494
9703
21222
18507
27197
14153
30361
12256
18710
12227
7556
10283
8588
683
10614
9674
15499
11818
5041
23175
10111
32157
93
19059
23120
11438
26082
9779
4685
2189
24060
30458
25443
20061
18598
20953
5991
28758
19605
30820
17406
1483
13461
31132
5796
16771
5830
16263
23852
18419
14412
23817
29464
29323
11832
17523
19869
26905
26268
25015
32642
4249
3237
26154
28671
27841
13124
26572
18131
13525
5163
23413
10857
20516
2
7025
20947
32114
2456
9621
22869
20507
7873
13044
27128
16287
28794
18709
11597
19853
26463
12295
30999
24305
26561
24192
8335
27777
25955
16672
14739
27973
30996
21024
31340
6489
28016
10720
14831
20226
10152
8367
24359
12320
26969
2075
23578
27082
17096
30623
15350
17506
26211
20219
20727
23048
8934
1768
8663
24605
24895
2975
10762
3273
17522
11747
17165
14346
13173
13080
11461
2618
27457
12615
10593
10310
2821
8057
3508
19485
1103
7822
17133
25496
28986
9197
20090
13871
22468
24060
2878
24361
8841
25764
15683
6790
29714
23851
13954
4349
11244
22328
24084
31642
2832
29570
13780
14307
31498
24109
7485
24862
31574
2968
23177
27544
2834
30676
24166
10844
8899
786
28071
23562
23344
19274
9528
31229
11438
13998
26558
17946
15238
19152
31255
18419
29078
23663
13526
30046
23794
18306
11264
11266
24682
3862
26644
85
23215
7749
8050
8663
12925
8223
6953
14155
30326
14497
13890
3220
31056
10512
7220
12587
5732
337
19090
1572
5889
8521
27403
7720
3053
4025
28608
29893
31467
7120
7936
15600
13667
8916
20631
23227
22464
12117
14301
25579
13153
27932
28887
15413
14240
9879
26368
2016
30175
2641
5210
3680
26881
29410
19542
14444
29200
12903
4810
32314
11121
7971
31940
11990
32163
3963
6656
4369
30778
9493
9603
32673
13630
24637
9975
1794
26498
29860
32181
30691
31626
12581
16204
28219
3196
4640
7902
25577
27644
14673
21013
7812
972
29604
1936
18935
8939
24487
5482
1333
19984
25422
13424
12129
1343
14619
22709
8914
7034
29065
21469
20717
10527
30326
2125
4760
13123
18356
4284
17436
31159
1256
25474
13229
27525
31919
23759
29509
22528
27931
16044
2003
27240
10726
18910
27613
30418
30555
13941
5895
31728
17403
16310
21483
4214
30082
19687
6399
25003
28332
19529
27083
27983
6351
7676
21939
4680
27734
14176
27380
13598
25327
6717
27505
28795
5831
22793
247
25740
27095
21477
20285
21612
20051
8976
25823
11452
4177
28930
11758
30375
30956
16271
11268
181
7248
18152
21573
28353
11982
31940
25154
14595
17089
28803
4941
2024
14080
10339
23625
250
21484
28637
13659
20695
24099
29817
4614
18075
23339
15487
32493
12075
5103
18473
1606
12344
24418
16591
24423
32416
13835
14752
18255
21242
23278
20129
3897
11515
11942
30539
9463
3886
11135
5827
609
32377
4889
29335
21239
3779
2234
27930
1219
23503
28687
28584
26144
13765
16038
8441
11064
18664
26402
31667
18437
10021
6996
11029
4689
11498
2874
6846
6224
13068
16110
22410
5471
18981
364
5409
19212
19657
3765
19154
11788
12792
23332
21430
16048
13556
3254
20237
8939
20465
6871
25510
10463
17252
15038
24098
1997
10130
838
14012
1003
24138
14597
24271
4100
1734
18326
29859
14380
24032
8831
7715
16615
1889
20475
22771
18009
15265
24877
8565
8165
2862
28888
22579
11540
6980
3819
24512
31436
2775
1371
7791
27650
14273
6273
6703
25464
9721
28973
15872
23517
24465
26314
18699
19810
18077
32220
23193
17784
10386
24158
19916
1697
10437
20155
15528
11781
12790
18567
32170
1035
31866
27318
19698
29028
12823
2162
19090
4886
10355
24652
16668
29888
23208
10045
175
21088
14829
5156
30474
9773
13671
5821
31622
31779
29677
31293
25190
2986
24811
17626
31632
23330
25029
13282
30737
1824
5948
14672
19933
21031
1260
27574
8271
3522
10273
8445
27204
14548
1884
6936
5850
11551
28722
5141
11935
4771
15742
26307
20544
31114
3771
16925
10534
5138
13178
16012
15236
10013
7074
3885
23879
407
14290
19985
4226
22042
29806
9306
25416
28654
31975
27315
19281
1884
6052
9046
10737
24633
6177
8157
359
832
1366
16702
19887
16271
4681
19094
12411
19445
11346
15398
22986
17202
23889
1857
26609
23128
1805
1808
22264
7004
4021
26919
19482
22539
13606
6423
9080
28323
1017
28621
370
20486
