20358
8863
4914
15156
9496
15323
31326
8185
4131
31633
16803
31773
29759
7400
13321
1712
16893
19660
26260
32143
17425
945
14041
23294
15632
11376
17275
18578
25284
26511
13274
23673
19851
3774
1668
15704
5713
29139
14854
8407
32206
21921
842
108
11212
19424
24586
6231
15752
21274
17592
5835
10951
9656
6061
13748
4113
4189
6989
32170
20275
7997
19330
5424
26470
28762
22071
4850
11312
26263
17101
14428
18104
23549
1210
8471
4105
10723
3465
8221
3881
27707
26379
16896
8952
13206
3837
29205
26192
8065
1503
2786
14098
10371
26770
29165
9129
199
19401
27335
28570
16997
29213
28209
24544
31289
7857
24223
2788
12327
16646
14030
16524
13232
24652
11077
1700
11893
5019
32281
12906
30244
4811
30356
4096
9370
31324
107
12517
1803
25758
2358
25979
4204
31904
19974
12589
31250
22020
17285
5635
3888
24489
29000
24771
23075
21094
28781
8005
27537
16947
31713
30236
23997
23542
24136
26415
14412
17180
22283
5783
20468
8476
19993
2959
11577
27119
3348
8234
21712
8141
4884
17413
5283
20361
32297
11610
4969
22248
22230
25919
4124
16360
30760
23430
4084
6709
30824
28105
4177
18182
9606
17165
13088
19246
26908
23748
24462
5735
18574
27722
11366
1988
1463
13157
24648
30944
4376
10192
1342
2683
4081
28859
9968
13870
22846
23611
12870
29856
22886
9445
25887
569
20817
29870
7393
24030
22857
20207
26378
31769
8422
17108
5638
2039
29210
13161
2698
20203
2092
7078
26064
6707
7459
18425
1033
20862
8384
8727
23831
23057
16934
6255
25866
8775
23995
20906
15903
18960
31669
18273
30538
8511
9354
8821
3611
31700
2745
8273
5068
22187
3818
14880
12211
19694
24856
31671
21641
16699
7495
8949
27011
1717
10091
9887
852
4358
30256
23363
13458
28128
15387
32610
27515
27974
19930
17071
10792
8111
32505
1048
20808
97
31023
3057
10960
25742
14088
10032
20493
30154
30204
25392
8037
13048
2354
6331
10580
9750
25197
17569
10417
22092
6288
24949
20754
13098
32588
4830
11339
17958
798
27574
4076
6348
20620
5406
10961
16849
23147
4571
32263
14169
10016
19000
24858
14535
8971
11089
29361
13112
21154
9681
30992
17606
19527
8146
4445
29345
32485
3480
6600
11376
31367
29794
2379
24025
4909
6938
8624
3304
7398
2817
6831
14663
15384
28191
12107
14007
24281
2152
7219
22666
10382
11202
5878
788
26002
18734
21498
8257
8831
32081
28533
31707
2772
3229
27685
31425
2685
3301
11905
12705
3181
9519
26079
21313
5844
20312
11057
6498
27892
28901
29266
31945
14645
7798
506
23831
11317
1455
15133
18283
30900
15959
7422
18338
22947
24644
12554
16995
23766
13634
28151
12461
13187
24740
13466
22415
7737
25049
18347
22165
29956
19602
29640
1253
20042
18002
23031
16960
21934
25032
23313
20700
27272
7063
23058
11720
17590
29453
13034
3151
1509
2570
4741
2447
15417
21350
13595
9784
20213
1705
27832
26325
16468
2981
27414
20875
15980
30702
3130
5660
522
12166
13376
6378
7312
15155
12226
7916
29915
11460
25973
22468
8433
11749
3927
30463
24474
27526
4331
17876
30062
11191
12403
20449
16760
30119
7026
2752
29017
9917
31124
8351
17425
8111
6022
18901
26689
8113
13944
28386
8270
18466
6640
10843
22993
14278
22464
28528
2232
1210
8851
7546
24809
21325
12434
31070
27614
28818
20375
27641
13818
16848
19633
24216
25085
2526
3414
28011
15176
12170
2134
2310
13026
31203
12822
950
24715
6203
7550
918
11655
9950
801
26173
22319
13663
31471
26722
6333
7455
13194
5524
26662
29898
13569
3276
10893
27781
8598
13035
19324
9777
24155
31186
28368
25576
22406
30883
18057
16800
31333
1265
8403
6617
19068
21458
11320
23213
25954
24866
3734
7926
6192
15776
11672
836
20850
23040
24511
16636
28846
536
11846
2013
17366
24800
3998
30677
25703
3938
27963
5009
6636
26962
2934
9329
26326
22571
26051
12027
4964
16793
9512
16800
4323
7108
28025
88
1616
17450
8371
27752
31912
23693
7232
7361
23800
6606
14516
26512
18106
27522
28056
17044
10194
24349
16687
24075
7126
21316
9280
23720
19214
9261
561
22336
706
957
16279
14683
31053
17235
8910
19745
1101
21615
32057
7609
19795
32399
10272
19696
14726
32002
29904
18640
17018
4966
30409
4507
13963
18151
3164
12976
7868
32224
4915
7862
5855
20961
4339
5920
5579
408
26863
11539
14358
14691
11770
27766
18900
2680
15348
5464
603
8706
1071
20953
1696
19501
31239
18164
19119
506
14083
19939
27779
16257
15538
17296
7567
12501
30863
28386
22651
22860
2204
24426
13768
22676
13966
20070
23644
1220
16917
6783
1886
12537
9258
21529
19524
5893
3383
7796
4794
17567
14191
16211
1097
10853
3653
12493
21349
6652
3764
32057
20906
24059
13225
31973
20493
30299
11120
7909
20215
17056
6516
11611
9315
2502
15124
22499
1440
12300
7170
27738
17564
28393
5742
15920
8889
27247
27884
16739
7362
2343
24911
32520
10423
127
8332
28178
18842
3164
12097
18246
5232
23083
29339
5634
29141
19187
31335
5565
19313
14007
197
16512
3293
13148
10341
10571
3648
6256
4148
27038
7975
25223
8247
14312
2423
31244
8631
6180
15713
23694
21272
20058
23932
13688
11119
22998
12025
5393
29711
8558
27610
31230
15220
31548
19051
32272
28765
31155
9220
22544
13991
25649
24838
7543
5840
8306
22498
26508
17217
4353
3329
6495
298
3117
13956
22178
26350
10888
31112
14816
9753
15108
8268
21462
26249
11252
31794
21609
30945
22180
6196
10103
8645
6612
9225
8553
32395
18356
9577
9187
15351
29527
3589
14166
21162
10969
18000
14809
28334
25923
27231
14908
16478
25631
6953
5992
19322
14482
28797
3462
3938
32193
22433
26931
3424
13856
24529
15028
1094
26445
20392
23477
6373
26481
7045
1065
26906
11158
2537
15667
28052
9025
26441
17982
12498
19311
30535
11000
11072
4565
9489
20277
12898
22417
1483
20482
21693
6596
32127
19381
20031
18347
15788
23685
23322
5101
9799
22212
32605
15177
20314
14622
27492
16999
24848
20744
17098
30438
6756
13876
23945
18524
26651
2818
21752
6034
4348
21008
25972
8423
10112
4873
23062
21364
22858
30935
32545
10202
5482
2697
20323