24999
13270
22652
5328
5110
12255
19024
18336
24694
12467
1046
12949
32005
23281
25007
12651
23067
11233
29415
7458
29988
26268
4129
1699
30180
23219
19337
6554
15661
11936
3905
21053
5485
21986
20011
11154
20839
11142
8589
32097
5542
13510
17694
16262
25018
27892
24311
16285
30276
21114
28482
9760
18410
623
28880
2870
28527
15074
27585
14630
1033
2948
23496
15967
21579
30809
17740
2043
26883
19505
19908
13951
8346
6627
18692
18587
17168
16366
27721
9139
5960
15574
17644
7921
15077
6416
7880
10100
22358
12121
22241
30812
5798
24070
713
32745
2366
26370
23522
9762
20226
5279
11590
31969
26528
30738
4606
16563
13393
152
6408
27676
15520
17734
10513
3365
9476
18557
8205
1429
17308
12606
14001
18107
17013
20401
9615
4219
24661
21063
25960
21090
5498
18603
14815
16229
25534
23188
6344
22611
2224
7849
5182
22768
13988
25536
31099
21201
3824
23904
12352
32295
23903
8643
11005
27796
15906
8448
459
6830
21402
5462
8702
10734
12807
10620
29400
12547
15020
7009
5553
19415
32309
26010
32261
1111
30460
28046
6347
6697
7218
24135
6237
19800
27026
30127
32460
12266
27541
6569
588
6737
28694
19474
13949
30983
31256
18827
13711
23313
20032
21154
7358
3259
10915
32396
10317
18900
14102
24740
1688
25730
31127
9893
19894
17261
10833
7878
14742
15287
23340
29860
22254
19910
7313
4325
6387
8850
24635
23140
16885
16320
26486
2448
30801
11420
23355
1756
18005
6902
22082
25609
314
8144
2681
25482
13428
14535
13815
32159
11609
2775
14345
32166
25583
15227
1465
15575
31236
8448
4806
4572
8066
27902
22623
4152
15232
15861
5335
1708
12535
20942
11651
15237
30965
7187
18752
25047
27993
31919
26968
29917
22463
19057
28829
27414
4210
6681
4714
25382
1647
29290
8312
13286
6012
32692
16359
25964
10577
24147
27556
22113
12969
27981
13501
10298
3421
20844
5071
27709
4950
8424
13442
9792
24189
17360
2894
31098
30896
8030
18259
21359
2823
13674
21405
18363
21334
9641
31912
10415
25576
27330
11682
10971
32280
4000
18386
19044
11340
4936
5926
16359
12605
21693
667
26006
18238
16825
10223
28515
17264
12872
1336
4203
24528
9530
28018
20838
9283
13754
25241
15218
7330
30763
15582
24118
31201
7751
2415
6970
9398
2962
26527
13233
4004
21351
14752
25693
1426
28714
19561
19811
6105
9796
13643
25596
1705
24957
15457
10471
26822
26324
14892
1722
2039
6052
15901
4191
9317
26406
28265
4208
26131
23798
614
14697
26868
4329
18517
32343
11271
3173
8375
20519
23365
24819
18243
28465
15335
10935
8463
26586
10573
30919
15469
31056
4964
28211
13844
20303
781
14000
17006
14602
7113
30332
22130
4198
31447
23321
205
8547
24163
18270
13344
27108
23485
25605
10094
3889
31087
32506
290
24494
10474
16755
19570
1555
4411
2048
8713
16143
21560
27621
31976
16276
19178
7861
7808
20254
23575
3030
23010
27866
16765
16794
30893
27167
11941
3868
31953
24711
11613
24962
4918
15317
19265
10762
19009
4429
26225
21999
29236
2505
11137
8756
14760
155
5227
20776
13399
31005
18080
28654
15246
27198
4325
10673
8253
21750
18167
3686
10593
14403
26313
16031
964
27540
10849
1228
12632
2930
17282
17499
12463
3206
27020
27765
13562
20858
21206
27608
3952
11195
23316
25993
4886
13466
26053
6082
6292
3887
8663
7132
20830
28597
20245
22325
24089
15731
21181
15566
22455
16591
2830
10973
8172
32356
6035
15445
5876
23170
2622
30292
9418
31956
29800
7290
24619
4468
31967
14767
16055
23984
5156
19725
12628
8120
7998
32633
21254
25237
11823
184
28144
5368
15363
10542
2145
5606
26431
18203
17823
23408
4988
7571
13607
20607
20471
30522
4268
29356
13425
13070
8944
20309
27066
20042
30785
11745
10118
18461
3382
26454
5281
32100
28402
12141
6295
17041
27375
28895
25478
8134
1116
25744
23528
3482
26666
6396
930
16934
13266
31706
17618
14382
18965
27478
18171
2495
26344
4485
28433
32224
4198
30179
26774
11199
22880
13330
29205
5869
5968
17852
10619
22647
19392
30027
25489
10309
157
3602
30664
15360
32284
23297
19676
1105
907
20542
31019
9017
11207
21537
12797
21298
24597
24615
2315
26314
32071
14448
25179
18181
2144
5
28787
24008
17882
16818
15002
20414
32145
26217
13347
28517
26396
18572
16658
1525
25267
19195
5148
10365
17457
26591
22622
15119
21571
14250
26480
3091
2877
26230
31242
14190
9266
4829
25609
31661
30868
9319
15899
11498
6921
10568
23238
12639
62
8226
25078
1091
5919
11702
2238
1336
170
17507
24730
6898
29962
3137
4075
29793
6214
28163
29002
26404
832
12275
7288
8555
25362
28108
1594
19563
31008
4706
27615
8973
24317
27641
20060
22455
16162
13306
9689
30846
30320
11437
25502
24248
23393
16390
19690
21424
13268
10997
9848
12697
8611
13380
3310
32012
905
7772
17232
2731
10616
4296
29619
32274
186
17670
4224
2395
5595
23036
30664
15245
1458
2968
3421
12125
14496
9468
12555
16085
9539
1507
658
13695
21248
30381
24595
9078
24973
2865
14473
30868
5715
20469
32003
17360
27798
16744
1346
23890
14278
5635
26928
1792
10424
13514
21064
25790
8214
1779
29050
8099
23691
24547
759
15191
2633
20641
1588
26046
14895
21136
19269
25314
25834
4839
32617
30042
19531
24278
11801
8631
1547
9502
8827
10121
28888
22956
3565
10490
3161
30116
5450
30027
21761
647
23950
13690
16508
25963
27435
21750
9359
26578
14696
24037
9672
31364
8434
13852
17390
32156
11878
9130
19551
25677
25106
9607
23564
3991
7117
19425
14320
19167
30210
11639
29160
23389
8610
30654
23773
4363
23124
15933
20882
18200
22476
8065
27393
2853
30977
9332
17443
28846
32294
5167
15214
29204
27601
7357
4035
11992
32767
1599
7521
4639
25722
16718
24447
22201
21918
28614
20279
19234
17006
17177
19663
24649
1533
3612
18778
7171
5998
23368
11699
2605
7088
19879
15930
23267
540
7421
28911
15883
10266
2844
25502
10777
2533
1881
3822
25791
11358
13938
7190
7570
13039
4053
25241
21832
18278
21757
17283
20698
18949
5914
9737
6786
28757
8684
4565
22456
7547
3865
16210
32595
20074
1339
2774
22220
4156
5389
